top-1: 0.32376404073284865
top-5: 0.7683667241323925
