top-1: 0.729406032830419
top-5: 0.940116073627515
