top-1: 0.5226525607940978
top-5: 0.8712964053582327
