top-1: 0.730808767627879
top-5: 0.941765090106972
