top-1: 0.7162192549443724
top-5: 0.9374390988232019
