top-1: 0.5079256300706364
top-5: 0.8751887267237041
