top-1: 0.5604478757312603
top-5: 0.8862963875117341
