top-1: 0.5869106639968305
top-5: 0.9265973508657337
