top-1: 0.7425125014723362
top-5: 0.9408227949758536
