top-1: 0.6000528256361385
top-5: 0.9092112918366546
