top-1: 0.600627482894131
top-5: 0.9097109938001263
