top-1: 0.722429836490379
top-5: 0.9410958464058936
