top-1: 0.298172161603615
top-5: 0.7248391138142608
