top-1: 0.7215624966537815
top-5: 0.9419899559905343
