top-1: 0.7426784739102036
top-5: 0.9390881153026588
