top-1: 0.7069087365749713
top-5: 0.9396609879107818
