top-1: 0.6749295955626465
top-5: 0.9310571908897194
