top-1: 0.6143871333883005
top-5: 0.9282570752444078
