top-1: 0.625111094454379
top-5: 0.9296491021426506
