top-1: 0.6819539774491642
top-5: 0.9424985812033537
