top-1: 0.6656779706389403
top-5: 0.9319887781216203
