top-1: 0.7465386715780231
top-5: 0.9452237415541445
