top-1: 0.7428176766000278
top-5: 0.9379209542879783
