top-1: 0.6987439634218163
top-5: 0.9438049449078585
