top-1: 0.4216556553769716
top-5: 0.7654702373941257
