top-1: 0.4569310446983406
top-5: 0.848179835598054
