top-1: 0.7535416376661063
top-5: 0.9402177986700789
