top-1: 0.6475227275160886
top-5: 0.9379637858848473
