top-1: 0.4081958260608851
top-5: 0.8042488944094058
