top-1: 0.6952264185289488
top-5: 0.9396395721123473
