top-1: 0.7413560483568729
top-5: 0.9402017368212531
