top-1: 0.6531818522524065
top-5: 0.9322564756020516
