top-1: 0.6860283331013288
top-5: 0.9395217852209575
