top-1: 0.7341978177301395
top-5: 0.9415402242234097
