top-1: 0.3661887374316033
top-5: 0.7664071785756352
