top-1: 0.42418807354185184
top-5: 0.8137575089143261
