top-1: 0.7075993960744842
top-5: 0.9353082268789686
