top-1: 0.7098319930612813
top-5: 0.9420595573354463
