top-1: 0.6376125667905214
top-5: 0.9286050819689685
