top-1: 0.7188159205045562
top-5: 0.9403784171583377
