top-1: 0.7415809142404352
top-5: 0.9396931116084335
