top-1: 0.5942384363611704
top-5: 0.9231851003151692
