top-1: 0.6565548405058411
top-5: 0.925847797920526
