top-1: 0.7447450984591333
top-5: 0.9407371317821157
