top-1: 0.41942841233978306
top-5: 0.8039276574328882
