top-1: 0.6015233771286411
top-5: 0.9098145034925598
