top-1: 0.6699290066281897
top-5: 0.9217895041171873
