top-1: 0.6431699664842755
top-5: 0.9272398248187688
