top-1: 0.3895533735236484
top-5: 0.722643994474724
