top-1: 0.6350373170287721
top-5: 0.9281499962522353
