top-1: 0.6955637173542922
top-5: 0.9423700864127467
