top-1: 0.680438809709923
top-5: 0.9399340393408218
