top-1: 0.681140177108653
top-5: 0.9284712332287528
