top-1: 0.5324181648802322
top-5: 0.8704986668665474
