top-1: 0.6659349602201544
top-5: 0.9259388150638727
