top-1: 0.6597993339686686
top-5: 0.9250607673280579
