top-1: 0.7495743610061142
top-5: 0.9404694343016844
