top-1: 0.342497510413432
top-5: 0.7941941770444056
