loss:
- train: 4323.350318789482
  valid: 744.260103225708
