loss:
- train: 301.681312084198
  valid: 45.547088861465454
