top-1: 0.6684008941129984
top-5: 0.8571964081773903
