top-1: 0.6842951930812904
top-5: 0.8668193958187831
