top-1: 0.6832618469816779
top-5: 0.8679437103307792
