top-1: 0.6874730741312056
top-5: 0.8695267391991495
