top-1: 0.6998746942747668
top-5: 0.8767556123019475
