top-1: 0.6576319397403504
top-5: 0.8495953261549702
