top-1: 0.1544568883964253
top-5: 0.2811281891341137
