top-1: 0.6581090095692311
top-5: 0.8501190979972141
