top-1: 0.6969260552207831
top-5: 0.8763017183935582
