top-1: 0.5960251351600976
top-5: 0.8081618368928203
