top-1: 0.6985778819183408
top-5: 0.8769454919747289
