top-1: 0.6873586841948747
top-5: 0.8706533845306048
