top-1: 0.6939414234330812
top-5: 0.8734813792451384
