top-1: 0.6877946545756197
top-5: 0.8715809656463507
