top-1: 0.6961614132532613
top-5: 0.875073981617913
