top-1: 0.658159723741754
top-5: 0.8497473326733875
