top-1: 0.6541413633048837
top-5: 0.8464591593911805
