top-1: 0.7024021257603834
top-5: 0.8792123392148672
