top-1: 0.6970849769716044
top-5: 0.8760877338074545
