top-1: 0.4612410244444248
top-5: 0.6830008169470246
