top-1: 0.14172453009688915
top-5: 0.272568820167314
