top-1: 0.4576450254170949
top-5: 0.6751697830874804
