top-1: 0.6961459679349424
top-5: 0.8741610142482719
