top-1: 0.11786936100278496
top-5: 0.25069425708161663
