top-1: 0.7047691543896993
top-5: 0.8806162913337009
