top-1: 0.6977033796649293
top-5: 0.8769679396285623
