top-1: 0.5963844330177694
top-5: 0.8050422128384489
