top-1: 0.5884424904881395
top-5: 0.8022096157073975
