top-1: 0.696930226940794
top-5: 0.8756604772533862
