top-1: 0.09634839085304192
top-5: 0.20801434007846764
