top-1: 0.48157208156949693
top-5: 0.7039163846702673
