top-1: 0.6911687280623441
top-5: 0.8717099996992779
