top-1: 0.5919767471063532
top-5: 0.804426427105911
