top-1: 0.5922461925121734
top-5: 0.8020841967938516
