top-1: 0.6942446013443343
top-5: 0.874804932652539
