top-1: 0.682956448968897
top-5: 0.8661067510014258
