top-1: 0.38165649756523795
top-5: 0.5918387658420107
