top-1: 0.690711984779629
top-5: 0.8728793723329069
