top-1: 0.6888946323527902
top-5: 0.8696887113418675
