top-1: 0.6895718374833237
top-5: 0.8717127508923487
