top-1: 0.39376024951158284
top-5: 0.6071542248167761
