top-1: 0.7021044749898959
top-5: 0.8782849349648819
