top-1: 0.6881352171377482
top-5: 0.869980964412544
