top-1: 0.10214043331100855
top-5: 0.19002494121414756
