top-1: 0.6887261350142774
top-5: 0.8719516676392047
