top-1: 0.6699047880318328
top-5: 0.8573776626101584
