top-1: 0.3934694515688122
top-5: 0.6085444326315824
